C:\Users\chanc\PycharmProjects\midas\venv\Scripts\python.exe C:/Users/chanc/PycharmProjects/midas/이차원배열과연산.py
1
[64, 1, 72, 1, 93, 1]
[26, 1, 28, 1, 43, 1]
[31, 1, 82, 1, 100, 1]

2
[26, 1, 28, 1, 43, 1]
[1, 3, 1, 3, 1, 3]
[31, 0, 72, 0, 93, 0]
[1, 0, 1, 0, 1, 0]
[64, 0, 82, 0, 100, 0]
[1, 0, 1, 0, 1, 0]

3
[26, 1, 28, 1, 43, 1, 1, 3]
[1, 3, 3, 3, 0, 0, 0, 0]
[31, 1, 72, 1, 93, 1, 0, 0]
[1, 3, 0, 0, 0, 0, 0, 0]
[64, 1, 82, 1, 100, 1, 0, 0]
[1, 3, 0, 0, 0, 0, 0, 0]

4
[26, 1, 3, 3, 43, 1, 1, 3]
[1, 3, 1, 1, 1, 3, 1, 1]
[31, 3, 28, 1, 93, 0, 0, 0]
[1, 3, 1, 3, 1, 0, 0, 0]
[64, 0, 72, 0, 100, 0, 0, 0]
[1, 0, 1, 0, 1, 0, 0, 0]
[1, 0, 82, 0, 0, 0, 0, 0]
[3, 0, 1, 0, 0, 0, 0, 0]

5
[26, 1, 43, 1, 1, 3, 3, 3, 0, 0]
[3, 2, 1, 6, 0, 0, 0, 0, 0, 0]
[1, 1, 3, 1, 28, 1, 31, 1, 93, 1]
[3, 2, 1, 3, 0, 0, 0, 0, 0, 0]
[64, 1, 72, 1, 100, 1, 0, 0, 0, 0]
[1, 3, 0, 0, 0, 0, 0, 0, 0, 0]
[1, 1, 82, 1, 0, 0, 0, 0, 0, 0]
[1, 1, 3, 1, 0, 0, 0, 0, 0, 0]

6
[26, 3, 43, 3, 1, 3, 3, 1, 93, 1]
[1, 1, 1, 1, 1, 1, 1, 1, 1, 1]
[64, 2, 72, 6, 28, 1, 31, 3, 0, 0]
[1, 2, 1, 1, 1, 2, 1, 1, 0, 0]
[3, 1, 82, 1, 100, 0, 0, 0, 0, 0]
[2, 5, 1, 5, 1, 0, 0, 0, 0, 0]
[1, 0, 1, 0, 0, 0, 0, 0, 0, 0]
[4, 0, 2, 0, 0, 0, 0, 0, 0, 0]
[0, 0, 3, 0, 0, 0, 0, 0, 0, 0]
[0, 0, 2, 0, 0, 0, 0, 0, 0, 0]

7
[26, 1, 43, 1, 93, 1, 1, 3, 3, 4, 0, 0, 0, 0, 0, 0]
[1, 10, 0, 0, 0, 0, 0, 0, 0, 0, 0, 0, 0, 0, 0, 0]
[1, 1, 2, 1, 3, 1, 6, 1, 28, 1, 31, 1, 64, 1, 72, 1]
[2, 2, 1, 6, 0, 0, 0, 0, 0, 0, 0, 0, 0, 0, 0, 0]
[3, 1, 82, 1, 100, 1, 1, 2, 0, 0, 0, 0, 0, 0, 0, 0]
[2, 1, 1, 2, 5, 2, 0, 0, 0, 0, 0, 0, 0, 0, 0, 0]
[1, 2, 0, 0, 0, 0, 0, 0, 0, 0, 0, 0, 0, 0, 0, 0]
[2, 1, 4, 1, 0, 0, 0, 0, 0, 0, 0, 0, 0, 0, 0, 0]
[3, 1, 0, 0, 0, 0, 0, 0, 0, 0, 0, 0, 0, 0, 0, 0]
[2, 1, 0, 0, 0, 0, 0, 0, 0, 0, 0, 0, 0, 0, 0, 0]

8
[26, 10, 2, 2, 3, 2, 6, 1, 3, 1, 31, 1, 64, 1, 72, 1]
[1, 1, 1, 1, 1, 1, 1, 1, 1, 1, 1, 1, 1, 1, 1, 1]
[3, 2, 4, 6, 5, 1, 1, 2, 28, 4, 0, 0, 0, 0, 0, 0]
[2, 2, 1, 1, 1, 3, 2, 1, 1, 1, 0, 0, 0, 0, 0, 0]
[1, 1, 43, 1, 93, 0, 0, 3, 0, 0, 0, 0, 0, 0, 0, 0]
[3, 7, 1, 4, 1, 0, 0, 1, 0, 0, 0, 0, 0, 0, 0, 0]
[2, 0, 82, 0, 100, 0, 0, 0, 0, 0, 0, 0, 0, 0, 0, 0]
[4, 0, 1, 0, 1, 0, 0, 0, 0, 0, 0, 0, 0, 0, 0, 0]
[0, 0, 1, 0, 0, 0, 0, 0, 0, 0, 0, 0, 0, 0, 0, 0]
[0, 0, 2, 0, 0, 0, 0, 0, 0, 0, 0, 0, 0, 0, 0, 0]

9
[4, 7, 4, 2, 3, 2, 2, 2, 3, 4, 1, 1, 1, 1, 1, 1]
[1, 1, 1, 1, 1, 1, 1, 1, 1, 1, 1, 2, 1, 2, 1, 2]
[26, 10, 43, 4, 5, 3, 6, 3, 28, 1, 31, 0, 64, 0, 72, 0]
[1, 1, 1, 1, 1, 1, 1, 1, 1, 3, 1, 0, 1, 0, 1, 0]
[1, 1, 82, 6, 93, 1, 1, 1, 1, 0, 0, 0, 0, 0, 0, 0]
[2, 2, 1, 1, 1, 2, 2, 4, 2, 0, 0, 0, 0, 0, 0, 0]
[2, 2, 2, 1, 100, 0, 0, 0, 0, 0, 0, 0, 0, 0, 0, 0]
[2, 2, 2, 3, 1, 0, 0, 0, 0, 0, 0, 0, 0, 0, 0, 0]
[3, 0, 1, 0, 1, 0, 0, 0, 0, 0, 0, 0, 0, 0, 0, 0]
[2, 0, 5, 0, 4, 0, 0, 0, 0, 0, 0, 0, 0, 0, 0, 0]

10
[3, 7, 4, 2, 3, 3, 6, 2, 2, 3, 31, 1, 64, 1, 72, 1]
[1, 1, 1, 1, 1, 1, 1, 1, 1, 1, 1, 1, 1, 1, 1, 1]
[4, 10, 5, 3, 4, 2, 2, 3, 3, 4, 1, 2, 1, 2, 1, 2]
[1, 1, 1, 1, 1, 2, 2, 1, 1, 1, 3, 1, 3, 1, 3, 1]
[26, 1, 43, 4, 5, 1, 1, 4, 28, 1, 0, 0, 0, 0, 0, 0]
[1, 3, 1, 1, 1, 3, 3, 1, 1, 2, 0, 0, 0, 0, 0, 0]
[1, 2, 82, 6, 93, 0, 0, 1, 1, 0, 0, 0, 0, 0, 0, 0]
[3, 3, 1, 1, 1, 0, 0, 3, 3, 0, 0, 0, 0, 0, 0, 0]
[2, 0, 2, 1, 100, 0, 0, 0, 0, 0, 0, 0, 0, 0, 0, 0]
[4, 0, 2, 4, 1, 0, 0, 0, 0, 0, 0, 0, 0, 0, 0, 0]
[0, 0, 1, 0, 1, 0, 0, 0, 0, 0, 0, 0, 0, 0, 0, 0]
[0, 0, 4, 0, 5, 0, 0, 0, 0, 0, 0, 0, 0, 0, 0, 0]

11
[2, 2, 5, 2, 3, 1, 3, 2, 2, 2, 3, 2, 3, 2, 3, 2]
[1, 1, 1, 1, 1, 2, 1, 1, 1, 1, 1, 1, 1, 1, 1, 1]
[26, 7, 43, 3, 4, 2, 6, 4, 28, 3, 31, 1, 64, 1, 72, 1]
[1, 1, 1, 1, 1, 2, 1, 1, 1, 1, 1, 3, 1, 3, 1, 3]
[3, 10, 82, 6, 93, 3, 1, 3, 3, 4, 1, 0, 1, 0, 1, 0]
[2, 1, 1, 1, 1, 2, 2, 2, 2, 1, 2, 0, 2, 0, 2, 0]
[4, 3, 2, 4, 100, 0, 2, 1, 1, 1, 0, 0, 0, 0, 0, 0]
[2, 2, 2, 2, 1, 0, 2, 4, 4, 3, 0, 0, 0, 0, 0, 0]
[1, 1, 4, 1, 5, 0, 0, 0, 0, 0, 0, 0, 0, 0, 0, 0]
[4, 3, 2, 5, 2, 0, 0, 0, 0, 0, 0, 0, 0, 0, 0, 0]
[0, 0, 1, 0, 1, 0, 0, 0, 0, 0, 0, 0, 0, 0, 0, 0]
[0, 0, 5, 0, 6, 0, 0, 0, 0, 0, 0, 0, 0, 0, 0, 0]

12
[3, 7, 4, 3, 2, 1, 3, 3, 3, 2, 2, 2, 2, 2, 2, 2]
[1, 1, 1, 1, 1, 1, 1, 1, 1, 1, 1, 1, 1, 1, 1, 1]
[26, 10, 43, 4, 3, 3, 6, 2, 4, 4, 3, 3, 3, 3, 3, 3]
[1, 1, 1, 1, 1, 1, 1, 2, 1, 1, 1, 1, 1, 1, 1, 1]
[4, 2, 82, 5, 4, 2, 1, 4, 28, 3, 31, 1, 64, 1, 72, 1]
[2, 2, 1, 1, 1, 4, 3, 2, 1, 2, 1, 2, 1, 2, 1, 2]
[1, 3, 5, 6, 5, 0, 2, 1, 2, 1, 1, 0, 1, 0, 1, 0]
[3, 2, 2, 1, 1, 0, 3, 3, 2, 4, 3, 0, 3, 0, 3, 0]
[2, 1, 2, 2, 6, 0, 0, 0, 1, 0, 0, 0, 0, 0, 0, 0]
[3, 4, 3, 2, 1, 0, 0, 0, 3, 0, 0, 0, 0, 0, 0, 0]
[0, 0, 1, 1, 93, 0, 0, 0, 0, 0, 0, 0, 0, 0, 0, 0]
[0, 0, 4, 4, 1, 0, 0, 0, 0, 0, 0, 0, 0, 0, 0, 0]
[0, 0, 0, 0, 100, 0, 0, 0, 0, 0, 0, 0, 0, 0, 0, 0]
[0, 0, 0, 0, 1, 0, 0, 0, 0, 0, 0, 0, 0, 0, 0, 0]
[0, 0, 0, 0, 1, 0, 0, 0, 0, 0, 0, 0, 0, 0, 0, 0]
[0, 0, 0, 0, 5, 0, 0, 0, 0, 0, 0, 0, 0, 0, 0, 0]

13
[1, 1, 4, 1, 7, 1, 3, 5, 2, 8, 0, 0, 0, 0, 0, 0, 0, 0, 0, 0]
[1, 16, 0, 0, 0, 0, 0, 0, 0, 0, 0, 0, 0, 0, 0, 0, 0, 0, 0, 0]
[2, 1, 6, 1, 10, 1, 26, 1, 43, 1, 4, 3, 3, 8, 0, 0, 0, 0, 0, 0]
[2, 1, 1, 15, 0, 0, 0, 0, 0, 0, 0, 0, 0, 0, 0, 0, 0, 0, 0, 0]
[3, 1, 5, 1, 28, 1, 31, 1, 64, 1, 72, 1, 82, 1, 2, 2, 4, 3, 1, 4]
[3, 1, 4, 1, 1, 7, 2, 7, 0, 0, 0, 0, 0, 0, 0, 0, 0, 0, 0, 0]
[3, 1, 6, 1, 2, 2, 5, 2, 1, 6, 0, 0, 0, 0, 0, 0, 0, 0, 0, 0]
[4, 1, 1, 2, 2, 3, 3, 6, 0, 0, 0, 0, 0, 0, 0, 0, 0, 0, 0, 0]
[6, 1, 1, 2, 2, 3, 0, 0, 0, 0, 0, 0, 0, 0, 0, 0, 0, 0, 0, 0]
[1, 1, 2, 1, 4, 1, 3, 3, 0, 0, 0, 0, 0, 0, 0, 0, 0, 0, 0, 0]
[93, 1, 1, 2, 0, 0, 0, 0, 0, 0, 0, 0, 0, 0, 0, 0, 0, 0, 0, 0]
[1, 1, 4, 2, 0, 0, 0, 0, 0, 0, 0, 0, 0, 0, 0, 0, 0, 0, 0, 0]
[100, 1, 0, 0, 0, 0, 0, 0, 0, 0, 0, 0, 0, 0, 0, 0, 0, 0, 0, 0]
[1, 1, 0, 0, 0, 0, 0, 0, 0, 0, 0, 0, 0, 0, 0, 0, 0, 0, 0, 0]
[1, 1, 0, 0, 0, 0, 0, 0, 0, 0, 0, 0, 0, 0, 0, 0, 0, 0, 0, 0]
[5, 1, 0, 0, 0, 0, 0, 0, 0, 0, 0, 0, 0, 0, 0, 0, 0, 0, 0, 0]

14
[4, 16, 2, 15, 1, 2, 2, 2, 1, 6, 4, 1, 3, 1, 2, 2, 4, 3, 1, 4]
[1, 1, 1, 1, 1, 1, 1, 1, 1, 1, 1, 1, 1, 1, 1, 1, 1, 1, 1, 1]
[5, 1, 5, 2, 4, 7, 5, 3, 2, 8, 72, 3, 82, 8, 0, 0, 0, 0, 0, 0]
[1, 15, 1, 4, 1, 1, 1, 1, 1, 1, 1, 1, 1, 1, 0, 0, 0, 0, 0, 0]
[6, 0, 6, 1, 7, 3, 26, 5, 43, 1, 0, 0, 0, 0, 0, 0, 0, 0, 0, 0]
[1, 0, 2, 6, 1, 2, 1, 1, 1, 2, 0, 0, 0, 0, 0, 0, 0, 0, 0, 0]
[93, 0, 4, 0, 10, 1, 31, 6, 64, 0, 0, 0, 0, 0, 0, 0, 0, 0, 0, 0]
[1, 0, 3, 0, 1, 4, 1, 1, 1, 0, 0, 0, 0, 0, 0, 0, 0, 0, 0, 0]
[100, 0, 1, 0, 28, 0, 3, 7, 0, 0, 0, 0, 0, 0, 0, 0, 0, 0, 0, 0]
[1, 0, 4, 0, 1, 0, 3, 1, 0, 0, 0, 0, 0, 0, 0, 0, 0, 0, 0, 0]
[2, 0, 0, 0, 2, 0, 0, 1, 0, 0, 0, 0, 0, 0, 0, 0, 0, 0, 0, 0]
[2, 0, 0, 0, 3, 0, 0, 2, 0, 0, 0, 0, 0, 0, 0, 0, 0, 0, 0, 0]
[3, 0, 0, 0, 0, 0, 0, 0, 0, 0, 0, 0, 0, 0, 0, 0, 0, 0, 0, 0]
[3, 0, 0, 0, 0, 0, 0, 0, 0, 0, 0, 0, 0, 0, 0, 0, 0, 0, 0, 0]
[1, 0, 0, 0, 0, 0, 0, 0, 0, 0, 0, 0, 0, 0, 0, 0, 0, 0, 0, 0]
[6, 0, 0, 0, 0, 0, 0, 0, 0, 0, 0, 0, 0, 0, 0, 0, 0, 0, 0, 0]

15
[4, 15, 3, 2, 2, 3, 2, 3, 2, 2, 4, 3, 3, 8, 1, 1, 1, 1, 1, 1]
[1, 1, 1, 1, 1, 1, 1, 1, 1, 1, 1, 1, 1, 1, 1, 1, 1, 1, 2, 1]
[5, 16, 5, 4, 3, 4, 5, 5, 43, 6, 72, 1, 82, 1, 2, 2, 4, 3, 0, 4]
[1, 1, 1, 1, 1, 1, 1, 1, 1, 1, 1, 3, 1, 3, 1, 1, 1, 1, 0, 1]
[93, 1, 6, 6, 4, 7, 26, 6, 64, 8, 1, 0, 1, 0, 0, 0, 0, 0, 0, 0]
[1, 2, 1, 1, 1, 1, 1, 1, 1, 1, 2, 0, 2, 0, 0, 0, 0, 0, 0, 0]
[100, 0, 2, 15, 7, 2, 31, 7, 1, 1, 0, 0, 0, 0, 0, 0, 0, 0, 0, 0]
[1, 0, 2, 1, 1, 2, 1, 1, 5, 3, 0, 0, 0, 0, 0, 0, 0, 0, 0, 0]
[2, 0, 4, 1, 10, 1, 3, 2, 0, 0, 0, 0, 0, 0, 0, 0, 0, 0, 0, 0]
[2, 0, 2, 2, 1, 3, 2, 2, 0, 0, 0, 0, 0, 0, 0, 0, 0, 0, 0, 0]
[3, 0, 1, 0, 28, 0, 1, 1, 0, 0, 0, 0, 0, 0, 0, 0, 0, 0, 0, 0]
[2, 0, 3, 0, 1, 0, 4, 6, 0, 0, 0, 0, 0, 0, 0, 0, 0, 0, 0, 0]
[6, 0, 0, 0, 1, 0, 0, 0, 0, 0, 0, 0, 0, 0, 0, 0, 0, 0, 0, 0]
[2, 0, 0, 0, 6, 0, 0, 0, 0, 0, 0, 0, 0, 0, 0, 0, 0, 0, 0, 0]
[1, 0, 0, 0, 0, 0, 0, 0, 0, 0, 0, 0, 0, 0, 0, 0, 0, 0, 0, 0]
[6, 0, 0, 0, 0, 0, 0, 0, 0, 0, 0, 0, 0, 0, 0, 0, 0, 0, 0, 0]

15

Process finished with exit code 0